0 0.783203125 0.7991803281250001 0.783203125 0.6926229515625 0.751953125 0.4931693984375 0.7421875 0.44945355156250005 0.732421875 0.43032786874999995 0.7509765625 0.42622950781249996 0.76171875 0.4166666671875 0.7255859375 0.3797814203125 0.7099609375 0.3797814203125 0.69921875 0.3674863390625 0.673828125 0.30737704843749997 0.65234375 0.2691256828125 0.646484375 0.25 0.64453125 0.2199453546875 0.6376953125 0.21857923437500001 0.634765625 0.2336065578125 0.640625 0.2718579234375 0.658203125 0.3101092890625 0.685546875 0.39480874374999997 0.685546875 0.4057377046875 0.6796875 0.4166666671875 0.68359375 0.4439890703125 0.681640625 0.479508196875 0.685546875 0.5450819671875 0.68359375 0.6461748640625 0.673828125 0.7308743171875001 0.66015625 0.8073770484375 0.658203125 0.8565573765625001 0.669921875 0.9002732234374999 0.6826171875 0.9180327875 0.7001953125 0.9289617484375 0.71484375 0.927595628125 0.7333984375 0.9153005468750001 0.765625 0.8647540984375001 0.7734375 0.845628415625 0.783203125 0.7991803281250001
0 0.7705078125 0 0.76171875 0.025956284375 0.740234375 0.0560109296875 0.73828125 0.08879781406250001 0.728515625 0.12158469999999999 0.724609375 0.159836065625 0.697265625 0.25546448125 0.697265625 0.299180328125 0.70703125 0.3210382515625 0.7177734375 0.3333333328125 0.7392578125 0.34426229531249997 0.755859375 0.342896175 0.7646484375 0.3387978140625 0.78125 0.3155737703125 0.7890625 0.288251365625 0.798828125 0.2172131140625 0.802734375 0.148907103125 0.818359375 0.0806010921875 0.818359375 0.06420765 0.80078125 0.025956284375 0.7958984375 0 0.7705078125 0
0 0.904296875 0.5450819671875 0.8984375 0.51229508125 0.8671875 0.427595628125 0.7841796875 0.316939890625 0.7548828125 0.34426229531249997 0.7275390625 0.3387978140625 0.7265625 0.34836065625 0.751953125 0.397540984375 0.7587890625 0.407103825 0.7724609375 0.40983606562499997 0.787109375 0.427595628125 0.7724609375 0.42622950781249996 0.767578125 0.43306010937500006 0.7734375 0.46311475468749996 0.810546875 0.56967213125 0.8359375 0.624316940625 0.8525390625 0.636612021875 0.869140625 0.6352459015624999 0.8916015625 0.6202185796874999 0.900390625 0.60519125625 0.904296875 0.5915300546875 0.904296875 0.5450819671875
0 0.8740234375 0 0.8583984375 0.038251365625 0.837890625 0.031420765625 0.8466796875 0.043715846875 0.8603515625 0.04098360625 0.86328125 0.0450819671875 0.859375 0.08879781406250001 0.8759765625 0.11748633906249999 0.890625 0.12158469999999999 0.9140625 0.10519125625 0.9267578125 0.0628415296875 0.9345703125 0.0628415296875 0.958984375 0.0423497265625 0.9609375 0.031420765625 0.95703125 0.0177595625 0.96875 0.0095628421875 0.9658203125 0 0.8740234375 0
0 0.6181640625 0.8743169406250001 0.6005859375 0.8743169406250001 0.5615234375 0.8934426234374999 0.5380859375 0.8961748640625 0.5078125 0.9084699453124999 0.5078125 0.938524590625 0.5205078125 0.95901639375 0.5439453125 0.9726775953125 0.560546875 0.971311475 0.5849609375 0.961748634375 0.60546875 0.933060109375 0.615234375 0.9057377046875 0.6181640625 0.8743169406250001
0 0.62109375 0.8210382515625 0.61328125 0.6215847 0.61328125 0.48224043749999995 0.6396484375 0.491803278125 0.6494140625 0.4890710375 0.66015625 0.474043715625 0.6591796875 0.4699453546875 0.6474609375 0.47267759531250003 0.6474609375 0.47814207656249996 0.6396484375 0.4808743171875 0.6318359375 0.47814207656249996 0.623046875 0.471311475 0.6171875 0.4549180328125 0.6171875 0.4030054640625 0.6015625 0.3565573765625 0.59765625 0.21448087500000002 0.58984375 0.1680327875 0.58203125 0.047814207812499995 0.580078125 0.036885245312499995 0.5732421875 0.0300546453125 0.560546875 0.0450819671875 0.56640625 0.0860655734375 0.57421875 0.2199453546875 0.572265625 0.3265027328125 0.56640625 0.345628415625 0.537109375 0.38387978125 0.5234375 0.45765027343750003 0.52734375 0.47677595625 0.505859375 0.528688525 0.513671875 0.5341530046875 0.5078125 0.5751366124999999 0.5078125 0.6297814203125001 0.517578125 0.6980874312500001 0.51953125 0.75 0.513671875 0.8073770484375 0.5 0.845628415625 0.498046875 0.8674863390625 0.5087890625 0.8797814203125001 0.515625 0.8784153 0.5556640625 0.8743169406250001 0.5869140625 0.863387978125 0.6171875 0.845628415625 0.62109375 0.8210382515625
0 0.517578125 0.7281420765625 0.50390625 0.6106557375 0.4765625 0.49863387968749995 0.466796875 0.4112021859375 0.4482421875 0.3825136609375 0.44140625 0.4112021859375 0.416015625 0.8265027328125001 0.4345703125 0.85519125625 0.4521484375 0.863387978125 0.4765625 0.8620218578125 0.4873046875 0.85519125625 0.5078125 0.8183060109375001 0.515625 0.7773224046875 0.517578125 0.7281420765625
0 0.1591796875 0 0.1435546875 0.0218579234375 0.1318359375 0.0300546453125 0.1005859375 0.038251365625 0.080078125 0.0560109296875 0.193359375 0.06420765 0.19140625 0.0341530046875 0.1806640625 0 0.1591796875 0
0 0.20703125 0.2254098359375 0.20703125 0.16256830625000002 0.205078125 0.1461748640625 0.2001953125 0.1393442625 0.1845703125 0.13387978125 0.1181640625 0.142076503125 0.0966796875 0.136612021875 0.083984375 0.15163934375000002 0.083984375 0.2199453546875 0.091796875 0.2691256828125 0.1083984375 0.3005464484375 0.1181640625 0.30874316875 0.140625 0.3101092890625 0.1748046875 0.3032786890625 0.1884765625 0.2923497265625 0.19921875 0.2718579234375 0.20703125 0.2254098359375
0 0.2373046875 0 0.2255859375 0.008196721875 0.21875 0.02322404375 0.224609375 0.047814207812499995 0.224609375 0.066939890625 0.2294921875 0.07377049218750001 0.2509765625 0.0710382515625 0.2578125 0.077868853125 0.25 0.102459015625 0.240234375 0.11338797812500001 0.244140625 0.12158469999999999 0.2783203125 0.1502732234375 0.3046875 0.16256830625000002 0.30859375 0.154371584375 0.306640625 0.0969945359375 0.302734375 0.0860655734375 0.302734375 0.05874316875 0.294921875 0.0396174859375 0.29296875 0.006830601562499999 0.2841796875 0 0.2373046875 0
0 0.23046875 0.5423497265624999 0.2421875 0.5040983609375 0.291015625 0.422131146875 0.30078125 0.34836065625 0.30859375 0.2691256828125 0.306640625 0.206284153125 0.2626953125 0.1693989078125 0.2197265625 0.14754098437500002 0.212890625 0.159836065625 0.208984375 0.2363387984375 0.201171875 0.2718579234375 0.17578125 0.3101092890625 0.123046875 0.4549180328125 0.09375 0.520491803125 0.068359375 0.61612021875 0.068359375 0.6680327875 0.078125 0.6953551906250001 0.1103515625 0.729508196875 0.1484375 0.7308743171875001 0.1806640625 0.7103825140625 0.2109375 0.6625683062500001 0.228515625 0.6106557375 0.23046875 0.5423497265624999
0 0.6611328125 0.23770491875 0.658203125 0.25 0.666015625 0.2691256828125 0.666015625 0.29098360625 0.685546875 0.33743169375000004 0.6953125 0.34836065625 0.6953125 0.3565573765625 0.705078125 0.3647540984375 0.705078125 0.34836065625 0.693359375 0.2964480875 0.67578125 0.25 0.6611328125 0.23770491875
0 0.6455078125 0.8524590156249999 0.623046875 0.8729508203125 0.62109375 0.892076503125 0.625 0.9030054640625 0.6416015625 0.9207650265625 0.658203125 0.9193989078125 0.66796875 0.9139344265625 0.66796875 0.89480874375 0.65625 0.8538251359375 0.6455078125 0.8524590156249999
0 0.6591796875 0.322404371875 0.654296875 0.3292349734375 0.640625 0.39207650312500003 0.642578125 0.4248633875 0.630859375 0.4549180328125 0.6337890625 0.47540983593749997 0.6484375 0.47677595625 0.6796875 0.45765027343750003 0.677734375 0.4193989078125 0.685546875 0.40027322343750005 0.6591796875 0.322404371875
0 0.68359375 0.5887978140625 0.681640625 0.474043715625 0.6787109375 0.4672131140625 0.6689453125 0.4699453546875 0.6474609375 0.491803278125 0.6279296875 0.49453551874999996 0.6171875 0.5368852453125 0.615234375 0.6297814203125001 0.619140625 0.741803278125 0.625 0.8292349734375 0.6279296875 0.8387978140625 0.6328125 0.8374316937499999 0.6533203125 0.8306010921875 0.658203125 0.8237704921875 0.673828125 0.7226775953125 0.68359375 0.5887978140625