0 0.177734375 0.2570401140625 0.16015625 0.173470421875 0.13671875 0.140549028125 0.13671875 0.0569793359375 0.1318359375 0.050648298437499996 0.123046875 0.0671089953125 0.11328125 0.1329517828125 0.107421875 0.148146271875 0.091796875 0.16334076250000001 0.08203125 0.19372974062499998 0.068359375 0.27983184687499996 0.068359375 0.3330125609375 0.07421875 0.3735312 0.091796875 0.4115174234375 0.1103515625 0.42544570468750004 0.13671875 0.42671191249999996 0.16015625 0.40645259375 0.171875 0.3760636140625 0.177734375 0.3330125609375 0.177734375 0.2570401140625
0 0.291015625 0.3887256890625 0.29296875 0.3456746359375 0.298828125 0.3330125609375 0.294921875 0.284896678125 0.3046875 0.2418456234375 0.3017578125 0.23804700156249997 0.2890625 0.2545076984375 0.275390625 0.3000911671875 0.2421875 0.33048014531250003 0.1796875 0.44190640156249994 0.169921875 0.4925547 0.173828125 0.5153464343749999 0.1884765625 0.5394043765625 0.212890625 0.5406705828125 0.2373046875 0.5242098859375 0.25390625 0.502684359375 0.275390625 0.45710089218750005 0.291015625 0.3887256890625
0 0.37890625 0.44443881718749995 0.359375 0.3659339546875 0.333984375 0.317818071875 0.3232421875 0.31148703437499997 0.32421875 0.338077390625 0.318359375 0.35327187968749996 0.3125 0.42164708281249996 0.3125 0.4976195296875 0.3203125 0.53813816875 0.3310546875 0.5545988656249999 0.33984375 0.5558650734375 0.3583984375 0.5470016203125 0.37109375 0.5229436796875 0.376953125 0.5001519453125 0.37890625 0.44443881718749995
0 0.421875 0.43937398749999995 0.38671875 0.36846636875 0.3681640625 0.344408428125 0.3544921875 0.3418760125 0.37890625 0.44697123124999993 0.373046875 0.528008509375 0.3837890625 0.54446920625 0.404296875 0.548267828125 0.4130859375 0.54446920625 0.427734375 0.51787885 0.427734375 0.4748277953125 0.421875 0.43937398749999995
0 0.43359375 0.10003038906249999 0.421875 0.0797710703125 0.41796875 0.0468496765625 0.4111328125 0.035453809375 0.400390625 0.07723865468749999 0.390625 0.094965559375 0.380859375 0.1684055921875 0.380859375 0.20892422968750002 0.384765625 0.2418456234375 0.39453125 0.26970218749999997 0.4150390625 0.2937601296875 0.431640625 0.2950263375 0.4462890625 0.2886953 0.455078125 0.27476701718749996 0.45703125 0.20132698593749998 0.43359375 0.10003038906249999
0 0.779296875 0.5001519453125 0.775390625 0.4874898703125 0.759765625 0.47229538125000003 0.759765625 0.42671191249999996 0.7509765625 0.42291329062500005 0.744140625 0.43177674218749995 0.740234375 0.46216572187500005 0.72265625 0.47736021093750003 0.705078125 0.5305409234375 0.697265625 0.5887864671874999 0.697265625 0.6520968390624999 0.71484375 0.7280692875 0.7314453125 0.7495948140625 0.7578125 0.7508610203125 0.7734375 0.7356665312499999 0.7890625 0.6976803078125 0.79296875 0.5989161265625 0.779296875 0.5001519453125
0 0.888671875 0.51281401875 0.88671875 0.4849574546875 0.873046875 0.46216572187500005 0.859375 0.4115174234375 0.8486328125 0.40265397031249994 0.861328125 0.44697123124999993 0.861328125 0.4748277953125 0.8515625 0.4925547 0.849609375 0.61664303125 0.8681640625 0.6432333875 0.88671875 0.6444995953125 0.8984375 0.6318375203125 0.904296875 0.6090457859375 0.90234375 0.560929903125 0.888671875 0.51281401875
0 0.943359375 0.560929903125 0.935546875 0.47736021093750003 0.923828125 0.44190640156249994 0.91015625 0.42164708281249996 0.90625 0.3659339546875 0.900390625 0.338077390625 0.8955078125 0.3368111828125 0.89453125 0.4013877640625 0.88671875 0.42164708281249996 0.875 0.43430915781249996 0.873046875 0.45456847656250005 0.876953125 0.47229538125000003 0.888671875 0.49002228593749997 0.888671875 0.5102816046875 0.904296875 0.5735919765624999 0.904296875 0.6090457859375 0.89453125 0.6419671796875 0.91015625 0.6444995953125 0.9208984375 0.6407009718750001 0.931640625 0.626772690625 0.939453125 0.6014485406250001 0.943359375 0.560929903125
0 0.2353515625 0.529274715625 0.2138671875 0.541936790625 0.1923828125 0.541936790625 0.181640625 0.5330733390625 0.171875 0.505216775 0.171875 0.4748277953125 0.181640625 0.43430915781249996 0.205078125 0.39379051875000004 0.205078125 0.383660859375 0.2099609375 0.38492706718749997 0.23046875 0.35327187968749996 0.2138671875 0.3241491078125 0.177734375 0.34314222031249997 0.177734375 0.358336709375 0.1826171875 0.35453808750000004 0.185546875 0.360869125 0.173828125 0.3659339546875 0.16796875 0.391258103125 0.1474609375 0.42291329062500005 0.126953125 0.43177674218749995 0.11328125 0.4748277953125 0.111328125 0.5634623171875 0.12109375 0.606513371875 0.126953125 0.6217078609375 0.1455078125 0.6407009718750001 0.177734375 0.6419671796875 0.1904296875 0.6381685578125 0.2109375 0.614110615625 0.236328125 0.5457354140625 0.2353515625 0.529274715625
0 0.0498046875 0.2583063203125 0.021484375 0.2671697734375 0.021484375 0.27983184687499996 0.02734375 0.2874290921875 0.015625 0.34314222031249997 0.01953125 0.3861932734375 0.0341796875 0.40265397031249994 0.048828125 0.40392017812500003 0.0634765625 0.3950567265625 0.072265625 0.3760636140625 0.064453125 0.2671697734375 0.0498046875 0.2583063203125
0 0.03515625 0.09243314375 0.0263671875 0.07090761718750001 0.01953125 0.0873683140625 0.0234375 0.15574351718749999 0.013671875 0.2317159640625 0.017578125 0.24944286875000002 0.0263671875 0.2608387359375 0.04296875 0.26210494375 0.0546875 0.246910453125 0.05859375 0.20892422968750002 0.041015625 0.140549028125 0.03515625 0.09243314375
0 0.5654296875 0.22791734218749998 0.560546875 0.22918354999999999 0.556640625 0.24437803906250002 0.53515625 0.358336709375 0.53515625 0.3760636140625 0.541015625 0.3887256890625 0.5537109375 0.397589140625 0.5625 0.39632293281250003 0.580078125 0.38112844375 0.58984375 0.3456746359375 0.5859375 0.27983184687499996 0.5654296875 0.22791734218749998